27.0
26.0
25.0
27.0
17.0
26.0
12.0
8.0
13.0
29.0
6.0
28.0
25.0
18.0
24.0
25.0
30.0
18.0
16.0
18.0
25.0
27.0
12.0
28.0
26.0
8.0
27.0
18.0
21.0
29.0
20.0
12.0
19.0
21.0
11.0
27.0
23.0
22.0
17.0
22.0
25.0
15.0
9.0
11.0
16.0
18.0
20.0
17.0
18.0
19.0
17.0
18.0
16.0
15.0
15.0
17.0
15.0
17.0
16.0
17.0
15.0
15.0
16.0
17.0
16.0
18.0
18.0
15.0
15.0
18.0
18.0
18.0
17.0
18.0
18.0
18.0
17.0
15.0
15.0
16.0
16.0
17.0
18.0
16.0
20.0
16.0
16.0
17.0
17.0
16.0
19.0
16.0
18.0
16.0
17.0
15.0
18.0
16.0
18.0
17.0
16.0
18.0
17.0
16.0
17.0
16.0
16.0
16.0
17.0
13.0
17.0
16.0
18.0
17.0
20.0
17.0
17.0
17.0
13.0
16.0
17.0
16.0
16.0
16.0
16.0
15.0
17.0
19.0
18.0
17.0
18.0
17.0
18.0
19.0
16.0
18.0
16.0
15.0
17.0
17.0
18.0
16.0
16.0
18.0
15.0
17.0
19.0
19.0
18.0
17.0
14.0
16.0
19.0
17.0
17.0
16.0
19.0
17.0
17.0
17.0
16.0
14.0
16.0
17.0
17.0
15.0
17.0
19.0
15.0
19.0
15.0
19.0
16.0
17.0
17.0
16.0
16.0
17.0
19.0
18.0
18.0
17.0
14.0
19.0
17.0
17.0
16.0
16.0
18.0
17.0
15.0
15.0
20.0
17.0
16.0
16.0
14.0
16.0
17.0
19.0
15.0
17.0
16.0
19.0
18.0
18.0
16.0
17.0
18.0
18.0
18.0
15.0
15.0
18.0
11.0
13.0
